-9.395424836601324117e-03
-4.824742268041243981e-02
-4.939341421143834954e-02
-1.823154056517898658e-03
9.132420091325629602e-04
-3.512773722627750977e-02
-1.702127659574465685e-02
6.253006253006376455e-03
6.692160611854540940e-03
6.172839506172961462e-03
-8.919301557338368824e-02
3.005181347150250037e-02
4.929577464788734847e-02
2.061361457334610556e-02
1.456082667919221703e-02
6.944444444444378139e-03
2.850574712643682770e-02
1.162270898524801060e-02
-1.679186920017671295e-02
-2.247191011235954994e-02
-3.540229885057469272e-02
1.668255481410857444e-02
-3.750586029066962142e-03
-9.411764705882152623e-04
-1.224682053697605071e-02
4.339532665712924481e-02
6.261425959780626826e-02
3.655913978494629984e-02
-3.319502074688872924e-03
-5.412156536219775611e-03
1.590623691921301888e-02
-1.524515863205607759e-02
-3.347280334728022083e-02
4.329004329004236193e-03
4.310344827586268419e-03
-1.030042918454944154e-02
6.071118820468353328e-02
-8.176614881438909943e-04
2.127659574468083320e-02
6.009615384615327703e-03
-2.986857825567502955e-02
1.190476190476186941e-02
3.042596348884381643e-02
-9.960629921259833708e-02
-6.077831219938786833e-02
0.000000000000000000e+00
-1.908752327746741917e-02
6.169909824394827040e-03
-1.037735849056598512e-02
1.525262154432794476e-02
-1.830985915492960511e-02
-7.221425155428032316e-02
-1.958762886597933267e-02
-3.049421661409034215e-02
-2.169197396963135072e-02
2.439024390243909809e-02
0.000000000000000000e+00
2.705627705627744115e-03
-8.094981111710853466e-03
9.793253536452651425e-03
1.002155172413794759e-01
-2.840352595494621823e-02
2.520161290322616571e-03
-1.910507792860728984e-02
-5.125576627370651700e-03
2.215352910870683686e-02
-2.469758064516121288e-02
6.718346253229922314e-03
1.488706365503075606e-02
1.466868993424376086e-02
6.480558325025052857e-03
1.040118870728069800e-02
-9.803921568627416150e-03
-7.425742574257356010e-03
1.745635910224428364e-02
-2.156862745098028084e-02
-7.464929859719449112e-02
9.745533297238751641e-03
0.000000000000000000e+00
-1.072386058981210366e-03
2.630166398282351298e-02
1.569037656903639246e-03
-2.088772845952958316e-03
2.616431187859796521e-03
1.565762004175424603e-03
-1.042209484106283160e-03
6.677099634846100917e-02
2.151589242053796036e-02
-1.148875059837252237e-02
9.685230024214589719e-04
-1.064344460570887212e-02
1.662591687041563987e-02
2.116402116402122530e-02
2.590673575129536985e-02
2.617079889807163648e-02
-3.400447427293071950e-02
0.000000000000000000e+00
-1.204261232051883138e-02
-2.109704641350207757e-02
6.417624521072796961e-02
-1.305130513051301275e-02
-1.823985408116728449e-02
4.644681839293909008e-03
2.080443828016640198e-02
-1.313405797101445567e-02
6.883891693437454648e-03
1.823154056517736678e-03
-2.593266606005460717e-02
-1.447921531994389097e-02
-8.056872037914771661e-03
8.600095556617282089e-03
-1.563240170535283233e-02
5.293551491819028718e-03
-1.483963618956449411e-02
-4.859086491738586681e-04
-7.292173067574067753e-03
2.938295788442640225e-03
-6.835937500000027756e-03
-2.212389380530969951e-02
-1.960784313725492944e-02
2.358974358974363222e-02
-1.002004008016028382e-02
-3.036437246963677710e-03
-1.522842639593786082e-03
1.220132180986265545e-02
-1.155198392767455701e-02
6.656504065040644291e-02
-8.575512148642197921e-03
5.285920230658344710e-02
-5.385668644454585929e-02
-3.376748673420177857e-03
3.630203291384317271e-02
9.341429238673318140e-04
-3.593093793747081932e-02
8.712487899322348892e-03
3.023032629558536355e-02
-5.775500698649271153e-02
-3.608502224419181392e-02
6.666666666666615920e-03
-4.635761589403974287e-02
1.602564102564163441e-03
2.666666666666704742e-03
-3.191489361702248492e-03
3.788687299893281346e-02
-3.598971722365053479e-03
-1.547987616098946617e-03
-1.240310077519390063e-02
-2.459445316588167868e-02
-6.437768240343400526e-03
1.079913606911443204e-02
-2.136752136752129161e-02
-2.183406113537110158e-02
-1.785714285714287003e-02
-5.113636363636354931e-03
1.085094231867491169e-02
1.299435028248590099e-02
-7.250418293363022904e-03
2.808988764044983641e-03
-6.162464985994564083e-03
-1.860202931228852052e-02
-3.388856978747845083e-02
1.010701545778823658e-02
4.590935844614486144e-02
7.878446820483994001e-03
1.675041876046964731e-03
1.337792642140459357e-02
2.805280528052813901e-02
-7.490636704119879759e-03
4.043126684636118295e-02
-1.554404145077723821e-02
3.684210526315804569e-03
-4.876769795490297488e-02
5.402425578831314412e-02
9.414225941422578806e-03
4.715025906735751532e-02
2.919346857991092850e-02
8.173076923076919020e-02
7.022222222222214427e-02
-2.117940199335540188e-02
1.001272804412388362e-01
-9.988430389510219443e-02
-3.427592116538058856e-03
-4.557179707652631723e-02
-2.387387387387376533e-02
3.230272265805109438e-03
-8.279668813247457668e-03
1.948051948051955987e-02
-5.459508644222016427e-02
1.106833493743986617e-02
-1.427891480247555191e-03
1.572926596758809914e-02
8.540591271703427967e-02
-3.891050583657581358e-02
7.107512370670257540e-02
-1.427971440571188140e-02
-2.556455048998712912e-02
-8.307826847398347425e-02
1.382927992370065404e-02
6.349952963311372711e-02
2.653693056169937128e-03
2.337891486546085293e-02
-7.327586206896472693e-03
2.909248805905332788e-02
-1.265822784810129685e-02
-2.735042735042722550e-02
1.098418277680140477e-02
-9.561060408518139153e-03
-1.799034664326459518e-02
-2.189454870420011121e-02
1.781635449977160904e-02
-3.545780969479365302e-02
9.306654257794455196e-03
-1.383125864453717616e-03
-1.200369344413673017e-02
3.037383177570103510e-02
-3.718820861678005796e-02
1.271785209609041858e-02
-2.790697674418545285e-03
2.098880597014922064e-02
-4.568296025583171659e-04
2.376599634369285299e-02
1.383928571428581604e-02
7.221488331131661886e-02
-5.256673511293638579e-02
-1.950585175552662850e-02
3.315649867374004939e-02
5.562687205819383425e-03
-1.872340425531920233e-02
4.726799653078923857e-02
6.086956521739141091e-02
-2.263856362217024978e-02
-5.111821086261971597e-02
7.996632996632901252e-03
2.338204592901888326e-02
4.324765401876779630e-02
5.318732890105590250e-02
5.941329372447090064e-03
1.365817644887415937e-02
-1.857246904588498101e-02
-8.163265306122406348e-03
5.985783763561546185e-03
-3.495723317218301512e-02
-8.092485549132980363e-03
5.827505827505910334e-03
7.106991116261103525e-02
-5.589614136314463577e-02
-4.851031321619555386e-02
6.463267763950218681e-02
6.561085972850685955e-02
-3.467799009200284166e-02
1.869501466275652612e-02
-1.583303346527519667e-02
-8.409506398537491823e-03
-2.986725663716822271e-02
-1.900418091980127797e-03
3.427265803503421436e-03
-4.402277039848197931e-02
9.527590313616451229e-03
1.022414471097135569e-02
5.722070844686643482e-02
4.307805596465383302e-02
5.153547476173670622e-02
-5.840886203423962392e-02
5.989304812834223696e-02
9.014463504877215372e-02
2.159827213822903061e-02
-3.171247357293860425e-02
7.423580786026186262e-02
-1.771196283391403975e-02
-9.991132131244455372e-02
-7.553366174055831106e-02
1.065719360568424205e-03
2.838892831795602339e-02
2.070393374741156742e-03
-2.307162534435255527e-02
-9.869580542826970199e-03
5.695977216091141146e-03
3.858407079646017368e-02
-2.999318336741646149e-02
-1.018973998594515512e-02
-7.419240326588581735e-02
-3.796012269938644351e-02
7.572738142686379938e-03
-7.911392405063121880e-04
-4.869358669833730863e-02
1.747815230961290503e-02
-9.815950920245335165e-03
2.023957042544396664e-02
-1.659919028340081648e-02
-1.646768217373369581e-03
-2.886597938144341586e-03
-5.210918114143912178e-02
-5.322862129144861898e-02
1.658986175115204770e-02
9.066183136899495440e-03
1.572327044025147516e-02
6.191950464396310354e-03
5.406593406593408757e-02
-7.089241034195233916e-03
-1.427971440571188140e-02
-2.002556455048994100e-02
5.652173913043435048e-03
1.426718547341123550e-02
-5.541346973572146457e-03
-5.143591941705849026e-03
-9.478672985782093593e-03
-6.437581557198768234e-02
3.347280334728027634e-02
-4.498425551057194140e-03
4.970628106642541524e-03
3.147482014388502166e-03
4.930524428507530171e-03
1.650312221231032064e-02
1.000438788942519253e-01
-2.233745512564813337e-02
8.159934720522206766e-03
-3.035208417644678219e-02
-6.677796327212025436e-03
-5.462184873949537875e-03
2.408111533586804881e-02
-3.341584158415836225e-02
4.139991463935121380e-02
8.196721311475526489e-03
0.000000000000000000e+00
2.154471544715437156e-02
0.000000000000000000e+00
1.472343812176685196e-02
-8.235294117647092363e-03
-3.637801502570178758e-02
4.924086992203423850e-03
-2.939975500204160611e-02
2.524190155658339024e-03
-4.616030214015923172e-03
-5.480607082630679916e-02
8.920606601248852116e-03
2.873563218390798313e-02
-4.211431027073487404e-02
-2.198295199641087799e-02
3.669724770642123542e-03
-6.946983546617914451e-02
4.076620825147356936e-02
1.368570080226517820e-02
2.048417132216020717e-02
1.642335766423354965e-02
2.423698384201073211e-02
3.111305872042072207e-02
2.677433064173391150e-02
-5.794701986754990410e-03
6.661115736885934654e-03
6.203473945409370728e-03
-8.220304151253568156e-03
-4.144218814753330635e-03
-5.409904286308887290e-03
3.765690376569031956e-03
-4.585243851604811974e-03
6.700167504187610860e-03
2.329450915141440329e-02
-3.658536585365847801e-03
-1.672786617707058832e-02
4.564315352697086159e-02
7.738095238095235584e-02
-2.062615101289129796e-02
-2.218879277924031002e-02
2.230769230769224371e-02
-9.969902182091792964e-02
5.850396991224427953e-03
3.739094308267547351e-02
-1.001201441730076129e-02
8.090614886731507110e-03
1.203852327447736074e-03
-2.404809619238425667e-03
3.816793893129768328e-02
1.122291021671823277e-02
3.865288939915811905e-02
-3.463522476050115428e-02
1.908396946564885552e-02
-3.108614232209731473e-02
1.159644375724684260e-03
-4.208494208494208133e-02
-1.854091092301480420e-02
-7.392197125256661470e-03
5.378568473313983730e-03
-4.115226337448559674e-02
-4.721030042918430286e-03
2.587322121604130470e-02
5.464480874317047439e-03
-1.003344481605359349e-02
1.309121621621616230e-02
-3.793247186327637632e-02
2.816291161178519076e-02
-1.137800252844498733e-02
4.262574595055322602e-03
1.655348047538202777e-02
-9.603340292275592757e-03
1.686340640809557475e-03
-6.313131313131402356e-03
4.659042778483699770e-02
4.046944556858765498e-04
-2.063106796116496999e-02
-2.065262288310615313e-02
3.374103753690353875e-03
6.725514922236239777e-03
-5.427974947807891540e-03
-2.015113350125946265e-02
-2.570694087403544142e-03
2.104810996563567099e-02
-2.818679007151864493e-02
-7.792207792207779191e-03
-5.366492146596860136e-02
1.798063623789750848e-02
-1.585144927536222270e-02
0.000000000000000000e+00
1.380579843534287567e-02
2.950522015433493239e-02
-1.543209876543216209e-02
-1.477832512315263407e-02
-2.272727272727305143e-03
5.922551252847334941e-03
-1.449275362318825852e-02
-3.676470588235378634e-03
